                   29                    
                  80 82                  
                53 60 27                 
               35 21 81 90               
             10 33 19 40 81              
            67 41 58 49 43 42            
          89 65 25 60 39 80 65           
         61 86 14 75 59 79 17 59         
       82 41 20 48 43 76 16 35 84        
      23 80 58 73 98 19 85 62 73 32      
    28 86 67 61 32 48 81 31 40 55 90     
   70 19 30 22 78 32 91 17 65 32 68 89   
 21 88 41 68 84 77 20 14 10 43 55 48 99  
12 58 74 77 45 88 38 50 94 40 34 30 51 15
